119	1
253	1
303	1
341	1
380	1
128	1
660	1
150	1
85	1
126	1
460	1
992	1
285	1
310	1
251	1
401	1
339	1
337	1
186	1
279	1
227	1
526	1
571	1
358	1
429	1
224	1
268	1
217	1
265	1
658	1
244	1
1010	1
109	1
218	1
818	1
637	1
225	1
574	1
323	1
562	1
456	1
402	1
351	1
400	1
209	1
492	1
487	1
236	1
431	1
621	1
768	1
256	1
154	1
354	1
239	1
387	1
313	1
309	1
192	1
540	1
233	1
204	1
141	1
476	1
315	1
314	1
357	1
305	1
254	1
349	1
143	1
234	1
252	1
448	1
331	1
922	1
558	1
869	1
523	1
451	1
103	1
153	1
299	1
293	1
282	1
330	1
325	1
273	1
4064	1
306	1
278	1
367	1
1009	1
403	1
803	1
146	1
189	1
237	1
615	1
211	1
250	1
493	1
336	1
365	1
661	1
555	1
553	1
953	1
197	1
296	1
235	1
284	1
327	1
221	1
269	1
362	1
408	1
219	1
491	1
334	1
185	2
226	2
319	2
115	2
294	2
286	2
129	2
158	2
125	2
145	2
223	2
263	2
156	2
152	2
199	2
198	2
134	2
531	2
465	2
157	2
99	2
73	2
373	2
132	2
206	2
203	2
121	2
147	2
196	2
538	2
187	2
384	2
258	2
69	3
110	3
160	3
210	3
229	3
228	3
151	3
127	3
95	3
144	3
163	3
208	3
106	3
83	3
133	3
191	3
184	3
155	3
304	3
202	3
122	3
113	3
120	3
148	3
232	3
131	3
130	3
205	3
238	3
271	3
212	3
77	4
114	4
245	4
94	4
75	4
124	4
117	4
116	4
112	4
70	4
76	5
108	5
118	5
100	5
159	5
105	5
92	5
91	5
84	5
81	5
111	5
66	6
86	6
78	6
67	6
102	6
97	6
71	6
88	6
80	6
89	6
79	7
107	7
93	7
96	7
162	7
56	8
68	8
98	8
82	10
62	11
74	12
140	12
72	12
55	13
57	14
179	15
50	16
53	18
101	19
52	19
63	19
51	20
48	20
136	21
135	21
54	22
42	22
164	22
59	22
46	24
47	25
60	25
65	26
64	27
37	27
40	27
38	27
49	28
39	29
139	29
43	30
45	31
44	33
167	33
35	33
61	34
41	35
58	38
36	41
34	50
33	55
32	57
31	58
137	60
168	72
171	75
29	78
183	84
169	90
28	101
27	108
178	110
165	113
25	116
172	118
170	118
26	119
30	145
138	145
176	146
23	154
166	158
21	168
174	169
173	183
175	195
22	202
177	216
180	257
182	337
17	349
16	358
13	423
14	457
181	541
11	569
19	596
9	815
20	2361
90	4473
8	4931
15	8981
24	11551
7	18119
1	20430
2	21865
18	23113
10	29663
4	32635
87	41167
3	77726
5	82351
12	106188
6	293529
